150 0.330581288924 0.333333333333 0.331951607271 0.332641035453
150 0.330581288924 0.333333333333 0.331951607271 0.332641035453
150 0.330581288924 0.333333333333 0.331951607271 0.332641035453
200 0.330581288924 0.333333333333 0.331951607271 0.332641035453
300 0.330581288924 0.333333333333 0.331951607271 0.332641035453
150 0.330777044633 0.333333333333 0.33205026916 0.332690564175
3 0.330777044633 0.333333333333 0.33205026916 0.332690564175
10 0.330777044633 0.333333333333 0.33205026916 0.332690564175
20 0.330777044633 0.333333333333 0.33205026916 0.332690564175
30 0.330777044633 0.333333333333 0.33205026916 0.332690564175
150 0.330777044633 0.333333333333 0.33205026916 0.332690564175
3 0.960774336157 0.975238446164 0.967643071179 0.971425912238
10 0.958309674539 0.972846101666 0.965205129129 0.969010552725
20 0.957887470703 0.971820789928 0.964514016045 0.968153616903
30 0.961127772507 0.974937896699 0.96769699255 0.971303949888
150 0.959814420409 0.973808707495 0.966468551245 0.970124745299
